4096
0	88 0
1	92 0
2	94 0
3	96 0
4	97 0
5	98 0
6	99 0
7	99 0
8	100 0
9	100 0
10	99 0
11	99 0
12	99 0
13	98 0
14	98 0
15	98 0
16	98 0
17	98 0
18	98 0
19	98 0
20	98 0
21	98 0
22	98 0
23	98 0
24	98 0
25	98 0
26	98 0
27	98 0
28	98 0
29	98 0
30	98 0
31	98 0
32	99 0
33	100 0
34	100 0
35	99 0
36	100 0
37	101 0
38	101 0
39	102 0
40	102 0
41	101 0
42	101 0
43	102 0
44	102 0
45	103 0
46	103 0
47	103 0
48	105 0
49	105 0
50	105 0
51	106 0
52	106 0
53	106 0
54	106 0
55	106 0
56	107 0
57	108 0
58	108 0
59	110 0
60	111 0
61	113 0
62	114 0
63	114 0
64	91 0
65	93 0
66	95 0
67	96 0
68	97 0
69	98 0
70	98 0
71	99 0
72	99 0
73	100 0
74	99 0
75	99 0
76	99 0
77	98 0
78	98 0
79	98 0
80	98 0
81	98 0
82	98 0
83	98 0
84	98 0
85	98 0
86	98 0
87	98 0
88	98 0
89	98 0
90	98 0
91	98 0
92	98 0
93	98 0
94	98 0
95	99 0
96	99 0
97	99 0
98	99 0
99	100 0
100	101 0
101	100 0
102	101 0
103	102 0
104	102 0
105	102 0
106	102 0
107	102 0
108	102 0
109	103 0
110	103 0
111	103 0
112	105 0
113	105 0
114	105 0
115	106 0
116	106 0
117	106 0
118	106 0
119	106 0
120	107 0
121	108 0
122	109 0
123	110 0
124	111 0
125	113 0
126	115 0
127	117 0
128	92 0
129	92 0
130	94 0
131	95 0
132	97 0
133	98 0
134	99 0
135	99 0
136	99 0
137	100 0
138	99 0
139	99 0
140	99 0
141	99 0
142	98 0
143	98 0
144	98 0
145	98 0
146	99 0
147	98 0
148	98 0
149	98 0
150	98 0
151	98 0
152	99 0
153	98 0
154	98 0
155	98 0
156	99 0
157	99 0
158	99 0
159	99 0
160	100 0
161	100 0
162	100 0
163	100 0
164	101 0
165	101 0
166	102 0
167	102 0
168	103 0
169	103 0
170	103 0
171	103 0
172	102 0
173	103 0
174	103 0
175	103 0
176	104 0
177	105 0
178	105 0
179	105 0
180	106 0
181	106 0
182	107 0
183	106 0
184	107 0
185	108 0
186	109 0
187	110 0
188	111 0
189	113 0
190	114 0
191	117 0
192	91 0
193	92 0
194	93 0
195	95 0
196	97 0
197	98 0
198	99 0
199	99 0
200	99 0
201	99 0
202	100 0
203	99 0
204	99 0
205	99 0
206	98 0
207	98 0
208	99 0
209	99 0
210	99 0
211	99 0
212	99 0
213	99 0
214	99 0
215	99 0
216	99 0
217	99 0
218	99 0
219	99 0
220	99 0
221	100 0
222	100 0
223	100 0
224	101 0
225	101 0
226	101 0
227	101 0
228	101 0
229	102 0
230	102 0
231	102 0
232	103 0
233	103 0
234	103 0
235	103 0
236	103 0
237	103 0
238	103 0
239	104 0
240	104 0
241	104 0
242	105 0
243	106 0
244	106 0
245	106 0
246	107 0
247	107 0
248	107 0
249	108 0
250	109 0
251	110 0
252	111 0
253	113 0
254	115 0
255	117 0
256	90 0
257	92 0
258	94 0
259	95 0
260	96 0
261	98 0
262	99 0
263	99 0
264	99 0
265	99 0
266	99 0
267	99 0
268	99 0
269	99 0
270	98 0
271	99 0
272	99 0
273	99 0
274	99 0
275	99 0
276	100 0
277	100 0
278	100 0
279	100 0
280	100 0
281	100 0
282	100 0
283	100 0
284	100 0
285	100 0
286	101 0
287	101 0
288	101 0
289	101 0
290	101 0
291	102 0
292	102 0
293	102 0
294	103 0
295	103 0
296	103 0
297	103 0
298	104 0
299	104 0
300	104 0
301	104 0
302	104 0
303	104 0
304	104 0
305	105 0
306	106 0
307	106 0
308	106 0
309	107 0
310	107 0
311	107 0
312	108 0
313	108 0
314	108 0
315	110 0
316	112 0
317	113 0
318	115 0
319	117 0
320	90 0
321	92 0
322	93 0
323	95 0
324	96 0
325	97 0
326	98 0
327	99 0
328	100 0
329	100 0
330	100 0
331	100 0
332	100 0
333	100 0
334	99 0
335	100 0
336	100 0
337	100 0
338	100 0
339	100 0
340	100 0
341	101 0
342	101 0
343	101 0
344	101 0
345	101 0
346	101 0
347	101 0
348	101 0
349	101 0
350	102 0
351	102 0
352	102 0
353	102 0
354	102 0
355	103 0
356	103 0
357	103 0
358	103 0
359	104 0
360	104 0
361	104 0
362	105 0
363	105 0
364	105 0
365	105 0
366	105 0
367	105 0
368	105 0
369	105 0
370	106 0
371	107 0
372	107 0
373	107 0
374	108 0
375	108 0
376	108 0
377	109 0
378	109 0
379	110 0
380	111 0
381	113 0
382	115 0
383	117 0
384	91 0
385	92 0
386	93 0
387	95 0
388	97 0
389	98 0
390	99 0
391	99 0
392	100 0
393	100 0
394	100 0
395	100 0
396	100 0
397	100 0
398	100 0
399	100 0
400	100 0
401	100 0
402	101 0
403	101 0
404	101 0
405	102 0
406	102 0
407	102 0
408	102 0
409	102 0
410	102 0
411	102 0
412	102 0
413	103 0
414	103 0
415	103 0
416	103 0
417	103 0
418	103 0
419	104 0
420	104 0
421	104 0
422	105 0
423	105 0
424	105 0
425	105 0
426	106 0
427	106 0
428	106 0
429	106 0
430	106 0
431	106 0
432	106 0
433	106 0
434	106 0
435	107 0
436	108 0
437	108 0
438	109 0
439	109 0
440	109 0
441	109 0
442	110 0
443	111 0
444	113 0
445	113 0
446	116 0
447	118 0
448	91 0
449	92 0
450	93 0
451	95 0
452	97 0
453	98 0
454	99 0
455	100 0
456	100 0
457	101 0
458	100 0
459	100 0
460	101 0
461	101 0
462	101 0
463	101 0
464	101 0
465	102 0
466	102 0
467	102 0
468	103 0
469	103 0
470	103 0
471	103 0
472	103 0
473	103 0
474	103 0
475	103 0
476	103 0
477	104 0
478	104 0
479	104 0
480	104 0
481	104 0
482	105 0
483	105 0
484	105 0
485	106 0
486	106 0
487	106 0
488	106 0
489	106 0
490	106 0
491	107 0
492	107 0
493	107 0
494	108 0
495	107 0
496	107 0
497	107 0
498	107 0
499	107 0
500	108 0
501	108 0
502	109 0
503	110 0
504	110 0
505	110 0
506	111 0
507	112 0
508	113 0
509	115 0
510	116 0
511	118 0
512	91 0
513	92 0
514	93 0
515	95 0
516	97 0
517	98 0
518	99 0
519	100 0
520	101 0
521	102 0
522	101 0
523	101 0
524	102 0
525	102 0
526	102 0
527	102 0
528	103 0
529	103 0
530	103 0
531	103 0
532	104 0
533	104 0
534	104 0
535	104 0
536	104 0
537	104 0
538	104 0
539	104 0
540	104 0
541	105 0
542	105 0
543	105 0
544	105 0
545	105 0
546	105 0
547	106 0
548	106 0
549	107 0
550	107 0
551	107 0
552	108 0
553	107 0
554	107 0
555	108 0
556	108 0
557	108 0
558	109 0
559	109 0
560	109 0
561	109 0
562	108 0
563	109 0
564	109 0
565	110 0
566	110 0
567	110 0
568	111 0
569	111 0
570	112 0
571	113 0
572	114 0
573	116 0
574	117 0
575	119 0
576	91 0
577	92 0
578	93 0
579	95 0
580	96 0
581	98 0
582	100 0
583	101 0
584	102 0
585	102 0
586	102 0
587	102 0
588	103 0
589	103 0
590	103 0
591	103 0
592	103 0
593	104 0
594	104 0
595	104 0
596	104 0
597	104 0
598	105 0
599	105 0
600	105 0
601	105 0
602	105 0
603	105 0
604	105 0
605	106 0
606	106 0
607	106 0
608	107 0
609	107 0
610	106 0
611	107 0
612	107 0
613	108 0
614	108 0
615	108 0
616	109 0
617	109 0
618	109 0
619	109 0
620	109 0
621	110 0
622	110 0
623	111 0
624	111 0
625	110 0
626	110 0
627	111 0
628	111 0
629	111 0
630	111 0
631	111 0
632	111 0
633	112 0
634	112 0
635	114 0
636	115 0
637	116 0
638	118 0
639	119 0
640	91 0
641	93 0
642	94 0
643	95 0
644	97 0
645	98 0
646	100 0
647	102 0
648	102 0
649	102 0
650	102 0
651	103 0
652	103 0
653	103 0
654	104 0
655	104 0
656	104 0
657	104 0
658	104 0
659	104 0
660	104 0
661	105 0
662	105 0
663	105 0
664	106 0
665	106 0
666	106 0
667	106 0
668	106 0
669	107 0
670	107 0
671	107 0
672	107 0
673	108 0
674	108 0
675	108 0
676	108 0
677	109 0
678	109 0
679	110 0
680	110 0
681	110 0
682	111 0
683	111 0
684	111 0
685	111 0
686	112 0
687	112 0
688	112 0
689	112 0
690	112 0
691	113 0
692	113 0
693	113 0
694	113 0
695	113 0
696	113 0
697	113 0
698	113 0
699	114 0
700	115 0
701	117 0
702	118 0
703	120 0
704	91 0
705	93 0
706	95 0
707	95 0
708	97 0
709	99 0
710	101 0
711	102 0
712	102 0
713	103 0
714	103 0
715	103 0
716	104 0
717	104 0
718	104 0
719	104 0
720	104 0
721	105 0
722	105 0
723	105 0
724	105 0
725	106 0
726	106 0
727	106 0
728	107 0
729	107 0
730	107 0
731	107 0
732	107 0
733	107 0
734	107 0
735	108 0
736	108 0
737	108 0
738	109 0
739	109 0
740	110 0
741	110 0
742	111 0
743	111 0
744	112 0
745	112 0
746	112 0
747	112 0
748	112 0
749	113 0
750	113 0
751	113 0
752	113 0
753	114 0
754	114 0
755	114 0
756	115 0
757	115 0
758	115 0
759	115 0
760	115 0
761	115 0
762	115 0
763	116 0
764	116 0
765	117 0
766	119 0
767	120 0
768	92 0
769	94 0
770	96 0
771	97 0
772	98 0
773	100 0
774	101 0
775	102 0
776	103 0
777	104 0
778	105 0
779	106 0
780	106 0
781	107 0
782	107 0
783	107 0
784	106 0
785	107 0
786	107 0
787	106 0
788	106 0
789	107 0
790	108 0
791	108 0
792	108 0
793	108 0
794	108 0
795	108 0
796	108 0
797	109 0
798	109 0
799	109 0
800	110 0
801	110 0
802	110 0
803	110 0
804	111 0
805	111 0
806	111 0
807	112 0
808	112 0
809	113 0
810	113 0
811	114 0
812	115 0
813	115 0
814	115 0
815	115 0
816	115 0
817	115 0
818	116 0
819	116 0
820	117 0
821	117 0
822	117 0
823	117 0
824	117 0
825	117 0
826	117 0
827	118 0
828	118 0
829	119 0
830	120 0
831	122 0
832	93 0
833	94 0
834	96 0
835	97 0
836	99 0
837	101 0
838	102 0
839	104 0
840	105 0
841	106 0
842	107 0
843	108 0
844	108 0
845	108 0
846	109 0
847	109 0
848	109 0
849	109 0
850	108 0
851	108 0
852	109 0
853	109 0
854	109 0
855	110 0
856	110 0
857	110 0
858	110 0
859	110 0
860	110 0
861	111 0
862	111 0
863	111 0
864	112 0
865	112 0
866	112 0
867	112 0
868	113 0
869	113 0
870	113 0
871	114 0
872	114 0
873	114 0
874	115 0
875	115 0
876	116 0
877	116 0
878	116 0
879	117 0
880	117 0
881	117 0
882	117 0
883	118 0
884	118 0
885	118 0
886	118 0
887	118 0
888	118 0
889	118 0
890	119 0
891	119 0
892	119 0
893	121 0
894	122 0
895	123 0
896	93 0
897	95 0
898	97 0
899	99 0
900	100 0
901	102 0
902	103 0
903	105 0
904	107 0
905	107 0
906	108 0
907	108 0
908	109 0
909	109 0
910	110 0
911	110 0
912	110 0
913	110 0
914	110 0
915	110 0
916	111 0
917	111 0
918	111 0
919	111 0
920	111 0
921	112 0
922	112 0
923	112 0
924	112 0
925	112 0
926	113 0
927	113 0
928	113 0
929	114 0
930	114 0
931	114 0
932	114 0
933	114 0
934	115 0
935	116 0
936	116 0
937	117 0
938	117 0
939	117 0
940	117 0
941	117 0
942	117 0
943	118 0
944	118 0
945	118 0
946	118 0
947	119 0
948	119 0
949	119 0
950	119 0
951	119 0
952	119 0
953	120 0
954	120 0
955	120 0
956	121 0
957	122 0
958	123 0
959	125 0
960	96 0
961	97 0
962	98 0
963	99 0
964	101 0
965	103 0
966	105 0
967	106 0
968	107 0
969	109 0
970	109 0
971	110 0
972	110 0
973	111 0
974	111 0
975	111 0
976	112 0
977	112 0
978	112 0
979	112 0
980	113 0
981	113 0
982	113 0
983	113 0
984	113 0
985	113 0
986	113 0
987	113 0
988	113 0
989	114 0
990	114 0
991	115 0
992	115 0
993	115 0
994	115 0
995	116 0
996	116 0
997	116 0
998	117 0
999	117 0
1000	118 0
1001	118 0
1002	118 0
1003	118 0
1004	119 0
1005	119 0
1006	119 0
1007	119 0
1008	119 0
1009	119 0
1010	120 0
1011	120 0
1012	120 0
1013	121 0
1014	121 0
1015	121 0
1016	121 0
1017	121 0
1018	121 0
1019	122 0
1020	123 0
1021	123 0
1022	125 0
1023	126 0
1024	87 0
1025	94 0
1026	100 0
1027	104 0
1028	105 0
1029	105 0
1030	106 0
1031	107 0
1032	108 0
1033	109 0
1034	111 0
1035	111 0
1036	112 0
1037	112 0
1038	112 0
1039	113 0
1040	113 0
1041	113 0
1042	113 0
1043	114 0
1044	114 0
1045	114 0
1046	115 0
1047	114 0
1048	114 0
1049	114 0
1050	114 0
1051	115 0
1052	115 0
1053	115 0
1054	116 0
1055	116 0
1056	117 0
1057	117 0
1058	117 0
1059	117 0
1060	117 0
1061	118 0
1062	118 0
1063	119 0
1064	119 0
1065	119 0
1066	120 0
1067	120 0
1068	120 0
1069	121 0
1070	121 0
1071	121 0
1072	122 0
1073	122 0
1074	122 0
1075	122 0
1076	122 0
1077	122 0
1078	122 0
1079	122 0
1080	122 0
1081	122 0
1082	123 0
1083	123 0
1084	124 0
1085	125 0
1086	126 0
1087	127 0
1088	88 0
1089	84 0
1090	84 0
1091	87 0
1092	94 0
1093	101 0
1094	107 0
1095	111 0
1096	112 0
1097	112 0
1098	112 0
1099	112 0
1100	112 0
1101	113 0
1102	113 0
1103	114 0
1104	114 0
1105	114 0
1106	114 0
1107	115 0
1108	115 0
1109	116 0
1110	116 0
1111	117 0
1112	117 0
1113	116 0
1114	116 0
1115	117 0
1116	117 0
1117	117 0
1118	118 0
1119	117 0
1120	118 0
1121	118 0
1122	118 0
1123	119 0
1124	119 0
1125	120 0
1126	120 0
1127	120 0
1128	121 0
1129	121 0
1130	121 0
1131	122 0
1132	122 0
1133	122 0
1134	123 0
1135	123 0
1136	123 0
1137	123 0
1138	123 0
1139	123 0
1140	123 0
1141	123 0
1142	123 0
1143	123 0
1144	123 0
1145	124 0
1146	124 0
1147	125 0
1148	125 0
1149	126 0
1150	127 0
1151	129 0
1152	124 0
1153	124 0
1154	116 0
1155	109 0
1156	101 0
1157	95 0
1158	93 0
1159	94 0
1160	100 0
1161	106 0
1162	111 0
1163	115 0
1164	116 0
1165	116 0
1166	115 0
1167	114 0
1168	115 0
1169	115 0
1170	116 0
1171	116 0
1172	117 0
1173	117 0
1174	117 0
1175	118 0
1176	118 0
1177	118 0
1178	118 0
1179	118 0
1180	118 0
1181	118 0
1182	119 0
1183	119 0
1184	119 0
1185	120 0
1186	120 0
1187	121 0
1188	121 0
1189	122 0
1190	122 0
1191	122 0
1192	122 0
1193	122 0
1194	122 0
1195	123 0
1196	123 0
1197	123 0
1198	124 0
1199	124 0
1200	124 0
1201	124 0
1202	124 0
1203	124 0
1204	125 0
1205	125 0
1206	125 0
1207	125 0
1208	125 0
1209	125 0
1210	126 0
1211	126 0
1212	127 0
1213	128 0
1214	130 0
1215	132 0
1216	121 0
1217	125 0
1218	126 0
1219	128 0
1220	132 0
1221	133 0
1222	133 0
1223	126 0
1224	116 0
1225	110 0
1226	103 0
1227	101 0
1228	103 0
1229	108 0
1230	114 0
1231	117 0
1232	119 0
1233	119 0
1234	118 0
1235	118 0
1236	117 0
1237	118 0
1238	118 0
1239	119 0
1240	119 0
1241	119 0
1242	120 0
1243	120 0
1244	120 0
1245	120 0
1246	120 0
1247	121 0
1248	121 0
1249	122 0
1250	122 0
1251	122 0
1252	123 0
1253	123 0
1254	123 0
1255	123 0
1256	123 0
1257	123 0
1258	124 0
1259	124 0
1260	124 0
1261	125 0
1262	125 0
1263	125 0
1264	125 0
1265	126 0
1266	126 0
1267	126 0
1268	126 0
1269	126 0
1270	127 0
1271	127 0
1272	127 0
1273	127 0
1274	128 0
1275	129 0
1276	130 0
1277	132 0
1278	134 0
1279	134 0
1280	122 0
1281	126 0
1282	125 0
1283	128 0
1284	129 0
1285	130 0
1286	135 0
1287	139 0
1288	141 0
1289	143 0
1290	143 0
1291	134 0
1292	119 0
1293	110 0
1294	106 0
1295	104 0
1296	105 0
1297	110 0
1298	115 0
1299	119 0
1300	121 0
1301	121 0
1302	121 0
1303	120 0
1304	120 0
1305	121 0
1306	121 0
1307	121 0
1308	121 0
1309	121 0
1310	122 0
1311	123 0
1312	123 0
1313	123 0
1314	123 0
1315	123 0
1316	124 0
1317	124 0
1318	125 0
1319	125 0
1320	125 0
1321	125 0
1322	125 0
1323	126 0
1324	126 0
1325	126 0
1326	127 0
1327	127 0
1328	127 0
1329	128 0
1330	128 0
1331	128 0
1332	128 0
1333	129 0
1334	129 0
1335	130 0
1336	131 0
1337	131 0
1338	130 0
1339	129 0
1340	128 0
1341	128 0
1342	130 0
1343	133 0
1344	124 0
1345	128 0
1346	127 0
1347	129 0
1348	132 0
1349	133 0
1350	135 0
1351	137 0
1352	135 0
1353	135 0
1354	140 0
1355	141 0
1356	144 0
1357	149 0
1358	144 0
1359	137 0
1360	127 0
1361	118 0
1362	114 0
1363	110 0
1364	109 0
1365	113 0
1366	117 0
1367	121 0
1368	123 0
1369	124 0
1370	124 0
1371	123 0
1372	123 0
1373	123 0
1374	123 0
1375	124 0
1376	124 0
1377	125 0
1378	125 0
1379	125 0
1380	126 0
1381	126 0
1382	126 0
1383	127 0
1384	127 0
1385	127 0
1386	128 0
1387	128 0
1388	128 0
1389	128 0
1390	128 0
1391	129 0
1392	130 0
1393	130 0
1394	131 0
1395	132 0
1396	132 0
1397	131 0
1398	129 0
1399	127 0
1400	126 0
1401	128 0
1402	133 0
1403	141 0
1404	150 0
1405	162 0
1406	173 0
1407	182 0
1408	125 0
1409	130 0
1410	131 0
1411	131 0
1412	133 0
1413	136 0
1414	138 0
1415	140 0
1416	142 0
1417	143 0
1418	145 0
1419	145 0
1420	148 0
1421	147 0
1422	148 0
1423	148 0
1424	147 0
1425	151 0
1426	150 0
1427	144 0
1428	135 0
1429	131 0
1430	124 0
1431	117 0
1432	114 0
1433	116 0
1434	119 0
1435	123 0
1436	125 0
1437	126 0
1438	127 0
1439	126 0
1440	126 0
1441	126 0
1442	126 0
1443	127 0
1444	127 0
1445	127 0
1446	128 0
1447	128 0
1448	128 0
1449	129 0
1450	129 0
1451	130 0
1452	131 0
1453	131 0
1454	132 0
1455	131 0
1456	130 0
1457	128 0
1458	127 0
1459	125 0
1460	126 0
1461	131 0
1462	139 0
1463	150 0
1464	163 0
1465	175 0
1466	187 0
1467	193 0
1468	198 0
1469	200 0
1470	197 0
1471	197 0
1472	127 0
1473	131 0
1474	134 0
1475	134 0
1476	135 0
1477	140 0
1478	141 0
1479	143 0
1480	145 0
1481	145 0
1482	147 0
1483	146 0
1484	150 0
1485	150 0
1486	153 0
1487	150 0
1488	151 0
1489	152 0
1490	151 0
1491	154 0
1492	157 0
1493	156 0
1494	155 0
1495	154 0
1496	147 0
1497	140 0
1498	135 0
1499	127 0
1500	122 0
1501	121 0
1502	123 0
1503	126 0
1504	128 0
1505	130 0
1506	130 0
1507	130 0
1508	130 0
1509	130 0
1510	131 0
1511	132 0
1512	133 0
1513	132 0
1514	131 0
1515	129 0
1516	127 0
1517	126 0
1518	127 0
1519	129 0
1520	135 0
1521	145 0
1522	155 0
1523	165 0
1524	175 0
1525	186 0
1526	192 0
1527	196 0
1528	196 0
1529	197 0
1530	196 0
1531	195 0
1532	194 0
1533	194 0
1534	195 0
1535	197 0
1536	127 0
1537	132 0
1538	136 0
1539	137 0
1540	139 0
1541	141 0
1542	142 0
1543	145 0
1544	148 0
1545	147 0
1546	148 0
1547	148 0
1548	150 0
1549	151 0
1550	155 0
1551	153 0
1552	153 0
1553	154 0
1554	155 0
1555	157 0
1556	159 0
1557	158 0
1558	159 0
1559	160 0
1560	161 0
1561	162 0
1562	164 0
1563	164 0
1564	158 0
1565	150 0
1566	144 0
1567	135 0
1568	127 0
1569	125 0
1570	126 0
1571	128 0
1572	132 0
1573	133 0
1574	130 0
1575	128 0
1576	127 0
1577	128 0
1578	132 0
1579	139 0
1580	149 0
1581	160 0
1582	172 0
1583	184 0
1584	190 0
1585	192 0
1586	196 0
1587	196 0
1588	198 0
1589	197 0
1590	194 0
1591	193 0
1592	194 0
1593	196 0
1594	196 0
1595	196 0
1596	196 0
1597	197 0
1598	200 0
1599	200 0
1600	127 0
1601	131 0
1602	135 0
1603	137 0
1604	140 0
1605	143 0
1606	143 0
1607	145 0
1608	148 0
1609	147 0
1610	150 0
1611	153 0
1612	154 0
1613	153 0
1614	156 0
1615	155 0
1616	155 0
1617	158 0
1618	158 0
1619	158 0
1620	159 0
1621	162 0
1622	162 0
1623	163 0
1624	162 0
1625	162 0
1626	164 0
1627	164 0
1628	164 0
1629	164 0
1630	165 0
1631	164 0
1632	160 0
1633	153 0
1634	146 0
1635	138 0
1636	129 0
1637	125 0
1638	140 0
1639	151 0
1640	161 0
1641	173 0
1642	183 0
1643	190 0
1644	194 0
1645	198 0
1646	197 0
1647	196 0
1648	195 0
1649	192 0
1650	192 0
1651	195 0
1652	196 0
1653	195 0
1654	195 0
1655	196 0
1656	196 0
1657	198 0
1658	197 0
1659	197 0
1660	199 0
1661	199 0
1662	199 0
1663	199 0
1664	128 0
1665	131 0
1666	133 0
1667	139 0
1668	143 0
1669	145 0
1670	143 0
1671	145 0
1672	148 0
1673	149 0
1674	152 0
1675	153 0
1676	156 0
1677	155 0
1678	157 0
1679	158 0
1680	158 0
1681	159 0
1682	159 0
1683	161 0
1684	162 0
1685	163 0
1686	165 0
1687	166 0
1688	165 0
1689	166 0
1690	168 0
1691	167 0
1692	165 0
1693	165 0
1694	163 0
1695	164 0
1696	165 0
1697	164 0
1698	165 0
1699	166 0
1700	161 0
1701	173 0
1702	193 0
1703	194 0
1704	195 0
1705	192 0
1706	193 0
1707	193 0
1708	193 0
1709	195 0
1710	196 0
1711	197 0
1712	196 0
1713	196 0
1714	197 0
1715	197 0
1716	197 0
1717	197 0
1718	196 0
1719	195 0
1720	195 0
1721	197 0
1722	197 0
1723	199 0
1724	200 0
1725	200 0
1726	200 0
1727	201 0
1728	129 0
1729	132 0
1730	136 0
1731	138 0
1732	141 0
1733	143 0
1734	145 0
1735	148 0
1736	152 0
1737	152 0
1738	152 0
1739	154 0
1740	158 0
1741	158 0
1742	159 0
1743	159 0
1744	160 0
1745	161 0
1746	162 0
1747	163 0
1748	163 0
1749	165 0
1750	167 0
1751	168 0
1752	165 0
1753	165 0
1754	168 0
1755	171 0
1756	169 0
1757	170 0
1758	170 0
1759	170 0
1760	169 0
1761	167 0
1762	164 0
1763	166 0
1764	171 0
1765	189 0
1766	195 0
1767	193 0
1768	193 0
1769	192 0
1770	194 0
1771	196 0
1772	195 0
1773	196 0
1774	198 0
1775	198 0
1776	199 0
1777	198 0
1778	197 0
1779	198 0
1780	198 0
1781	197 0
1782	197 0
1783	198 0
1784	199 0
1785	198 0
1786	199 0
1787	200 0
1788	200 0
1789	200 0
1790	200 0
1791	202 0
1792	131 0
1793	134 0
1794	136 0
1795	138 0
1796	139 0
1797	143 0
1798	148 0
1799	150 0
1800	153 0
1801	153 0
1802	155 0
1803	158 0
1804	159 0
1805	158 0
1806	159 0
1807	159 0
1808	160 0
1809	161 0
1810	162 0
1811	164 0
1812	165 0
1813	167 0
1814	168 0
1815	168 0
1816	167 0
1817	166 0
1818	168 0
1819	171 0
1820	170 0
1821	171 0
1822	172 0
1823	173 0
1824	169 0
1825	168 0
1826	168 0
1827	169 0
1828	174 0
1829	191 0
1830	200 0
1831	196 0
1832	195 0
1833	195 0
1834	196 0
1835	197 0
1836	196 0
1837	196 0
1838	198 0
1839	199 0
1840	199 0
1841	197 0
1842	198 0
1843	197 0
1844	198 0
1845	201 0
1846	200 0
1847	198 0
1848	198 0
1849	198 0
1850	199 0
1851	200 0
1852	201 0
1853	201 0
1854	200 0
1855	200 0
1856	129 0
1857	134 0
1858	135 0
1859	137 0
1860	139 0
1861	143 0
1862	149 0
1863	150 0
1864	154 0
1865	155 0
1866	156 0
1867	158 0
1868	158 0
1869	159 0
1870	161 0
1871	162 0
1872	162 0
1873	164 0
1874	164 0
1875	165 0
1876	167 0
1877	168 0
1878	168 0
1879	167 0
1880	169 0
1881	170 0
1882	173 0
1883	173 0
1884	173 0
1885	173 0
1886	174 0
1887	173 0
1888	172 0
1889	172 0
1890	169 0
1891	172 0
1892	177 0
1893	195 0
1894	203 0
1895	198 0
1896	196 0
1897	196 0
1898	198 0
1899	199 0
1900	197 0
1901	197 0
1902	199 0
1903	199 0
1904	197 0
1905	196 0
1906	197 0
1907	198 0
1908	200 0
1909	201 0
1910	198 0
1911	196 0
1912	199 0
1913	199 0
1914	199 0
1915	200 0
1916	202 0
1917	201 0
1918	201 0
1919	200 0
1920	124 0
1921	129 0
1922	133 0
1923	136 0
1924	137 0
1925	139 0
1926	147 0
1927	150 0
1928	152 0
1929	154 0
1930	156 0
1931	156 0
1932	156 0
1933	157 0
1934	159 0
1935	162 0
1936	162 0
1937	165 0
1938	165 0
1939	165 0
1940	168 0
1941	168 0
1942	169 0
1943	169 0
1944	169 0
1945	171 0
1946	173 0
1947	174 0
1948	174 0
1949	175 0
1950	175 0
1951	176 0
1952	175 0
1953	174 0
1954	172 0
1955	175 0
1956	179 0
1957	197 0
1958	204 0
1959	200 0
1960	198 0
1961	197 0
1962	198 0
1963	199 0
1964	198 0
1965	199 0
1966	198 0
1967	198 0
1968	198 0
1969	198 0
1970	198 0
1971	199 0
1972	201 0
1973	200 0
1974	198 0
1975	196 0
1976	197 0
1977	198 0
1978	199 0
1979	197 0
1980	197 0
1981	200 0
1982	201 0
1983	202 0
1984	125 0
1985	128 0
1986	133 0
1987	137 0
1988	138 0
1989	140 0
1990	147 0
1991	149 0
1992	149 0
1993	152 0
1994	153 0
1995	154 0
1996	156 0
1997	158 0
1998	159 0
1999	159 0
2000	161 0
2001	163 0
2002	165 0
2003	165 0
2004	168 0
2005	169 0
2006	170 0
2007	171 0
2008	171 0
2009	173 0
2010	175 0
2011	176 0
2012	177 0
2013	176 0
2014	175 0
2015	178 0
2016	177 0
2017	176 0
2018	174 0
2019	177 0
2020	183 0
2021	198 0
2022	206 0
2023	201 0
2024	200 0
2025	197 0
2026	197 0
2027	196 0
2028	196 0
2029	198 0
2030	197 0
2031	197 0
2032	195 0
2033	196 0
2034	198 0
2035	199 0
2036	201 0
2037	200 0
2038	200 0
2039	199 0
2040	196 0
2041	198 0
2042	200 0
2043	199 0
2044	198 0
2045	199 0
2046	200 0
2047	200 0
2048	123 0
2049	126 0
2050	131 0
2051	133 0
2052	139 0
2053	143 0
2054	144 0
2055	149 0
2056	150 0
2057	151 0
2058	151 0
2059	152 0
2060	155 0
2061	158 0
2062	161 0
2063	162 0
2064	162 0
2065	165 0
2066	165 0
2067	166 0
2068	168 0
2069	169 0
2070	171 0
2071	172 0
2072	173 0
2073	175 0
2074	176 0
2075	176 0
2076	176 0
2077	178 0
2078	178 0
2079	179 0
2080	179 0
2081	175 0
2082	175 0
2083	179 0
2084	183 0
2085	197 0
2086	207 0
2087	202 0
2088	201 0
2089	198 0
2090	197 0
2091	195 0
2092	196 0
2093	198 0
2094	197 0
2095	196 0
2096	194 0
2097	196 0
2098	196 0
2099	197 0
2100	198 0
2101	197 0
2102	197 0
2103	199 0
2104	198 0
2105	198 0
2106	199 0
2107	199 0
2108	197 0
2109	199 0
2110	201 0
2111	200 0
2112	121 0
2113	126 0
2114	129 0
2115	135 0
2116	138 0
2117	140 0
2118	145 0
2119	149 0
2120	149 0
2121	151 0
2122	151 0
2123	153 0
2124	157 0
2125	158 0
2126	160 0
2127	161 0
2128	162 0
2129	165 0
2130	164 0
2131	165 0
2132	167 0
2133	169 0
2134	170 0
2135	171 0
2136	171 0
2137	174 0
2138	175 0
2139	176 0
2140	175 0
2141	178 0
2142	178 0
2143	179 0
2144	181 0
2145	178 0
2146	176 0
2147	181 0
2148	183 0
2149	196 0
2150	207 0
2151	203 0
2152	201 0
2153	198 0
2154	197 0
2155	198 0
2156	199 0
2157	200 0
2158	199 0
2159	197 0
2160	196 0
2161	197 0
2162	198 0
2163	199 0
2164	198 0
2165	196 0
2166	197 0
2167	200 0
2168	199 0
2169	198 0
2170	198 0
2171	198 0
2172	198 0
2173	200 0
2174	201 0
2175	200 0
2176	118 0
2177	123 0
2178	128 0
2179	137 0
2180	140 0
2181	140 0
2182	144 0
2183	144 0
2184	146 0
2185	149 0
2186	151 0
2187	152 0
2188	155 0
2189	159 0
2190	158 0
2191	159 0
2192	162 0
2193	164 0
2194	163 0
2195	165 0
2196	166 0
2197	168 0
2198	169 0
2199	169 0
2200	168 0
2201	172 0
2202	174 0
2203	176 0
2204	176 0
2205	178 0
2206	178 0
2207	178 0
2208	179 0
2209	178 0
2210	179 0
2211	181 0
2212	183 0
2213	198 0
2214	208 0
2215	202 0
2216	201 0
2217	200 0
2218	198 0
2219	199 0
2220	197 0
2221	198 0
2222	198 0
2223	199 0
2224	197 0
2225	197 0
2226	200 0
2227	200 0
2228	198 0
2229	197 0
2230	197 0
2231	199 0
2232	198 0
2233	197 0
2234	197 0
2235	199 0
2236	199 0
2237	200 0
2238	200 0
2239	197 0
2240	120 0
2241	127 0
2242	134 0
2243	135 0
2244	136 0
2245	137 0
2246	138 0
2247	141 0
2248	145 0
2249	145 0
2250	147 0
2251	149 0
2252	150 0
2253	153 0
2254	154 0
2255	156 0
2256	161 0
2257	163 0
2258	164 0
2259	167 0
2260	169 0
2261	169 0
2262	169 0
2263	170 0
2264	170 0
2265	174 0
2266	176 0
2267	176 0
2268	177 0
2269	178 0
2270	177 0
2271	177 0
2272	177 0
2273	178 0
2274	180 0
2275	182 0
2276	185 0
2277	199 0
2278	208 0
2279	203 0
2280	202 0
2281	199 0
2282	199 0
2283	198 0
2284	197 0
2285	197 0
2286	197 0
2287	198 0
2288	197 0
2289	194 0
2290	198 0
2291	199 0
2292	198 0
2293	198 0
2294	198 0
2295	199 0
2296	200 0
2297	199 0
2298	198 0
2299	199 0
2300	198 0
2301	199 0
2302	201 0
2303	200 0
2304	69 0
2305	80 0
2306	91 0
2307	97 0
2308	106 0
2309	116 0
2310	119 0
2311	127 0
2312	133 0
2313	137 0
2314	137 0
2315	145 0
2316	149 0
2317	152 0
2318	158 0
2319	165 0
2320	166 0
2321	168 0
2322	169 0
2323	169 0
2324	172 0
2325	171 0
2326	172 0
2327	172 0
2328	171 0
2329	173 0
2330	176 0
2331	177 0
2332	176 0
2333	175 0
2334	175 0
2335	175 0
2336	178 0
2337	179 0
2338	180 0
2339	185 0
2340	187 0
2341	199 0
2342	208 0
2343	203 0
2344	200 0
2345	195 0
2346	194 0
2347	195 0
2348	195 0
2349	195 0
2350	195 0
2351	197 0
2352	195 0
2353	193 0
2354	197 0
2355	198 0
2356	200 0
2357	199 0
2358	199 0
2359	199 0
2360	201 0
2361	200 0
2362	198 0
2363	199 0
2364	199 0
2365	200 0
2366	201 0
2367	201 0
2368	23 0
2369	24 0
2370	26 0
2371	30 0
2372	34 0
2373	39 0
2374	43 0
2375	49 0
2376	57 0
2377	64 0
2378	70 0
2379	73 0
2380	82 0
2381	91 0
2382	103 0
2383	115 0
2384	124 0
2385	133 0
2386	140 0
2387	146 0
2388	155 0
2389	160 0
2390	165 0
2391	170 0
2392	172 0
2393	178 0
2394	180 0
2395	183 0
2396	184 0
2397	183 0
2398	186 0
2399	187 0
2400	185 0
2401	185 0
2402	185 0
2403	188 0
2404	188 0
2405	200 0
2406	208 0
2407	204 0
2408	201 0
2409	197 0
2410	196 0
2411	197 0
2412	196 0
2413	195 0
2414	195 0
2415	197 0
2416	195 0
2417	193 0
2418	197 0
2419	198 0
2420	200 0
2421	200 0
2422	201 0
2423	201 0
2424	201 0
2425	200 0
2426	199 0
2427	199 0
2428	201 0
2429	202 0
2430	202 0
2431	202 0
2432	28 0
2433	28 0
2434	29 0
2435	29 0
2436	29 0
2437	30 0
2438	29 0
2439	29 0
2440	28 0
2441	26 0
2442	24 0
2443	23 0
2444	23 0
2445	25 0
2446	26 0
2447	28 0
2448	31 0
2449	34 0
2450	39 0
2451	45 0
2452	51 0
2453	57 0
2454	65 0
2455	74 0
2456	83 0
2457	91 0
2458	100 0
2459	109 0
2460	119 0
2461	125 0
2462	134 0
2463	146 0
2464	154 0
2465	161 0
2466	168 0
2467	175 0
2468	181 0
2469	195 0
2470	207 0
2471	203 0
2472	201 0
2473	199 0
2474	198 0
2475	197 0
2476	195 0
2477	194 0
2478	197 0
2479	198 0
2480	197 0
2481	196 0
2482	197 0
2483	199 0
2484	202 0
2485	200 0
2486	200 0
2487	201 0
2488	200 0
2489	199 0
2490	199 0
2491	199 0
2492	201 0
2493	201 0
2494	199 0
2495	202 0
2496	19 0
2497	19 0
2498	20 0
2499	20 0
2500	20 0
2501	20 0
2502	22 0
2503	22 0
2504	23 0
2505	23 0
2506	24 0
2507	26 0
2508	27 0
2509	28 0
2510	28 0
2511	28 0
2512	28 0
2513	28 0
2514	28 0
2515	28 0
2516	28 0
2517	28 0
2518	28 0
2519	27 0
2520	27 0
2521	27 0
2522	29 0
2523	30 0
2524	31 0
2525	30 0
2526	45 0
2527	54 0
2528	55 0
2529	62 0
2530	56 0
2531	56 0
2532	72 0
2533	160 0
2534	205 0
2535	200 0
2536	199 0
2537	197 0
2538	197 0
2539	197 0
2540	195 0
2541	195 0
2542	197 0
2543	195 0
2544	195 0
2545	197 0
2546	199 0
2547	201 0
2548	200 0
2549	199 0
2550	199 0
2551	199 0
2552	201 0
2553	201 0
2554	201 0
2555	200 0
2556	200 0
2557	201 0
2558	200 0
2559	202 0
2560	16 0
2561	17 0
2562	18 0
2563	18 0
2564	19 0
2565	20 0
2566	21 0
2567	21 0
2568	21 0
2569	22 0
2570	22 0
2571	23 0
2572	24 0
2573	25 0
2574	25 0
2575	26 0
2576	27 0
2577	27 0
2578	27 0
2579	28 0
2580	29 0
2581	30 0
2582	30 0
2583	31 0
2584	30 0
2585	30 0
2586	31 0
2587	31 0
2588	31 0
2589	32 0
2590	63 0
2591	53 0
2592	46 0
2593	74 0
2594	64 0
2595	34 0
2596	70 0
2597	182 0
2598	199 0
2599	198 0
2600	199 0
2601	198 0
2602	198 0
2603	198 0
2604	195 0
2605	196 0
2606	193 0
2607	193 0
2608	194 0
2609	195 0
2610	197 0
2611	199 0
2612	199 0
2613	201 0
2614	201 0
2615	201 0
2616	202 0
2617	203 0
2618	203 0
2619	202 0
2620	203 0
2621	204 0
2622	203 0
2623	203 0
2624	14 0
2625	16 0
2626	16 0
2627	16 0
2628	17 0
2629	18 0
2630	19 0
2631	19 0
2632	18 0
2633	20 0
2634	20 0
2635	21 0
2636	21 0
2637	22 0
2638	22 0
2639	23 0
2640	24 0
2641	24 0
2642	24 0
2643	25 0
2644	26 0
2645	26 0
2646	27 0
2647	27 0
2648	28 0
2649	27 0
2650	27 0
2651	27 0
2652	28 0
2653	30 0
2654	67 0
2655	52 0
2656	45 0
2657	80 0
2658	75 0
2659	44 0
2660	103 0
2661	196 0
2662	194 0
2663	198 0
2664	198 0
2665	198 0
2666	198 0
2667	197 0
2668	195 0
2669	194 0
2670	192 0
2671	194 0
2672	195 0
2673	194 0
2674	197 0
2675	199 0
2676	199 0
2677	200 0
2678	199 0
2679	201 0
2680	200 0
2681	199 0
2682	201 0
2683	202 0
2684	203 0
2685	204 0
2686	203 0
2687	204 0
2688	15 0
2689	16 0
2690	17 0
2691	17 0
2692	17 0
2693	17 0
2694	19 0
2695	19 0
2696	19 0
2697	20 0
2698	20 0
2699	21 0
2700	22 0
2701	23 0
2702	23 0
2703	24 0
2704	24 0
2705	25 0
2706	26 0
2707	26 0
2708	26 0
2709	27 0
2710	27 0
2711	28 0
2712	28 0
2713	28 0
2714	29 0
2715	29 0
2716	28 0
2717	30 0
2718	67 0
2719	51 0
2720	42 0
2721	82 0
2722	75 0
2723	42 0
2724	125 0
2725	197 0
2726	192 0
2727	197 0
2728	197 0
2729	196 0
2730	197 0
2731	197 0
2732	195 0
2733	196 0
2734	195 0
2735	194 0
2736	196 0
2737	197 0
2738	199 0
2739	200 0
2740	201 0
2741	202 0
2742	200 0
2743	199 0
2744	201 0
2745	202 0
2746	204 0
2747	203 0
2748	202 0
2749	203 0
2750	205 0
2751	204 0
2752	15 0
2753	16 0
2754	17 0
2755	17 0
2756	17 0
2757	17 0
2758	22 0
2759	19 0
2760	19 0
2761	20 0
2762	20 0
2763	21 0
2764	22 0
2765	23 0
2766	23 0
2767	24 0
2768	25 0
2769	25 0
2770	25 0
2771	26 0
2772	27 0
2773	27 0
2774	28 0
2775	28 0
2776	28 0
2777	28 0
2778	28 0
2779	29 0
2780	28 0
2781	32 0
2782	89 0
2783	61 0
2784	57 0
2785	81 0
2786	76 0
2787	72 0
2788	166 0
2789	193 0
2790	190 0
2791	195 0
2792	195 0
2793	194 0
2794	197 0
2795	197 0
2796	197 0
2797	198 0
2798	197 0
2799	194 0
2800	195 0
2801	197 0
2802	199 0
2803	201 0
2804	202 0
2805	202 0
2806	202 0
2807	202 0
2808	204 0
2809	205 0
2810	205 0
2811	204 0
2812	204 0
2813	203 0
2814	203 0
2815	204 0
2816	16 0
2817	15 0
2818	17 0
2819	22 0
2820	23 0
2821	22 0
2822	28 0
2823	23 0
2824	22 0
2825	25 0
2826	25 0
2827	25 0
2828	26 0
2829	26 0
2830	23 0
2831	24 0
2832	25 0
2833	25 0
2834	26 0
2835	27 0
2836	27 0
2837	27 0
2838	27 0
2839	28 0
2840	28 0
2841	28 0
2842	29 0
2843	30 0
2844	28 0
2845	40 0
2846	108 0
2847	66 0
2848	77 0
2849	83 0
2850	76 0
2851	89 0
2852	169 0
2853	195 0
2854	192 0
2855	195 0
2856	194 0
2857	195 0
2858	197 0
2859	198 0
2860	197 0
2861	197 0
2862	197 0
2863	196 0
2864	196 0
2865	197 0
2866	199 0
2867	199 0
2868	198 0
2869	199 0
2870	201 0
2871	202 0
2872	202 0
2873	202 0
2874	203 0
2875	203 0
2876	204 0
2877	203 0
2878	204 0
2879	204 0
2880	16 0
2881	15 0
2882	17 0
2883	20 0
2884	22 0
2885	24 0
2886	28 0
2887	22 0
2888	23 0
2889	26 0
2890	27 0
2891	28 0
2892	29 0
2893	27 0
2894	23 0
2895	24 0
2896	24 0
2897	24 0
2898	25 0
2899	26 0
2900	26 0
2901	27 0
2902	27 0
2903	27 0
2904	28 0
2905	28 0
2906	29 0
2907	30 0
2908	27 0
2909	43 0
2910	111 0
2911	52 0
2912	47 0
2913	87 0
2914	110 0
2915	89 0
2916	161 0
2917	198 0
2918	192 0
2919	195 0
2920	193 0
2921	194 0
2922	195 0
2923	196 0
2924	196 0
2925	196 0
2926	197 0
2927	196 0
2928	196 0
2929	195 0
2930	198 0
2931	198 0
2932	197 0
2933	198 0
2934	201 0
2935	201 0
2936	200 0
2937	199 0
2938	200 0
2939	203 0
2940	202 0
2941	203 0
2942	204 0
2943	204 0
2944	16 0
2945	15 0
2946	16 0
2947	16 0
2948	19 0
2949	21 0
2950	25 0
2951	20 0
2952	22 0
2953	25 0
2954	27 0
2955	27 0
2956	28 0
2957	26 0
2958	22 0
2959	23 0
2960	23 0
2961	24 0
2962	24 0
2963	25 0
2964	26 0
2965	27 0
2966	27 0
2967	27 0
2968	29 0
2969	29 0
2970	28 0
2971	29 0
2972	26 0
2973	42 0
2974	109 0
2975	54 0
2976	50 0
2977	87 0
2978	96 0
2979	96 0
2980	181 0
2981	194 0
2982	190 0
2983	192 0
2984	192 0
2985	192 0
2986	193 0
2987	195 0
2988	196 0
2989	196 0
2990	195 0
2991	195 0
2992	195 0
2993	194 0
2994	197 0
2995	196 0
2996	197 0
2997	200 0
2998	200 0
2999	202 0
3000	202 0
3001	201 0
3002	203 0
3003	203 0
3004	200 0
3005	201 0
3006	202 0
3007	202 0
3008	15 0
3009	14 0
3010	15 0
3011	16 0
3012	17 0
3013	19 0
3014	24 0
3015	20 0
3016	21 0
3017	21 0
3018	22 0
3019	25 0
3020	27 0
3021	26 0
3022	22 0
3023	23 0
3024	24 0
3025	24 0
3026	24 0
3027	25 0
3028	26 0
3029	26 0
3030	27 0
3031	26 0
3032	33 0
3033	34 0
3034	28 0
3035	30 0
3036	25 0
3037	42 0
3038	108 0
3039	61 0
3040	51 0
3041	85 0
3042	85 0
3043	98 0
3044	182 0
3045	197 0
3046	189 0
3047	194 0
3048	193 0
3049	191 0
3050	193 0
3051	194 0
3052	195 0
3053	195 0
3054	194 0
3055	196 0
3056	194 0
3057	194 0
3058	194 0
3059	194 0
3060	197 0
3061	199 0
3062	200 0
3063	202 0
3064	201 0
3065	202 0
3066	203 0
3067	204 0
3068	202 0
3069	200 0
3070	201 0
3071	201 0
3072	17 0
3073	18 0
3074	18 0
3075	17 0
3076	17 0
3077	17 0
3078	21 0
3079	17 0
3080	20 0
3081	19 0
3082	21 0
3083	23 0
3084	24 0
3085	22 0
3086	22 0
3087	24 0
3088	24 0
3089	24 0
3090	25 0
3091	26 0
3092	26 0
3093	26 0
3094	27 0
3095	28 0
3096	26 0
3097	26 0
3098	28 0
3099	29 0
3100	25 0
3101	44 0
3102	104 0
3103	71 0
3104	46 0
3105	78 0
3106	100 0
3107	101 0
3108	180 0
3109	201 0
3110	187 0
3111	193 0
3112	191 0
3113	191 0
3114	192 0
3115	193 0
3116	194 0
3117	194 0
3118	194 0
3119	195 0
3120	196 0
3121	195 0
3122	194 0
3123	195 0
3124	197 0
3125	198 0
3126	200 0
3127	202 0
3128	201 0
3129	202 0
3130	204 0
3131	205 0
3132	202 0
3133	200 0
3134	203 0
3135	203 0
3136	22 0
3137	22 0
3138	22 0
3139	22 0
3140	23 0
3141	23 0
3142	25 0
3143	22 0
3144	20 0
3145	19 0
3146	21 0
3147	21 0
3148	21 0
3149	21 0
3150	22 0
3151	22 0
3152	22 0
3153	22 0
3154	24 0
3155	26 0
3156	26 0
3157	25 0
3158	26 0
3159	26 0
3160	36 0
3161	47 0
3162	26 0
3163	27 0
3164	24 0
3165	44 0
3166	98 0
3167	135 0
3168	51 0
3169	77 0
3170	112 0
3171	98 0
3172	179 0
3173	205 0
3174	187 0
3175	189 0
3176	190 0
3177	190 0
3178	190 0
3179	192 0
3180	194 0
3181	193 0
3182	193 0
3183	194 0
3184	194 0
3185	195 0
3186	196 0
3187	197 0
3188	199 0
3189	201 0
3190	202 0
3191	202 0
3192	199 0
3193	200 0
3194	204 0
3195	205 0
3196	203 0
3197	204 0
3198	207 0
3199	206 0
3200	26 0
3201	30 0
3202	30 0
3203	30 0
3204	30 0
3205	32 0
3206	34 0
3207	33 0
3208	25 0
3209	19 0
3210	23 0
3211	23 0
3212	24 0
3213	23 0
3214	22 0
3215	23 0
3216	23 0
3217	24 0
3218	25 0
3219	25 0
3220	27 0
3221	26 0
3222	26 0
3223	27 0
3224	31 0
3225	36 0
3226	34 0
3227	39 0
3228	33 0
3229	48 0
3230	102 0
3231	63 0
3232	40 0
3233	83 0
3234	124 0
3235	98 0
3236	178 0
3237	210 0
3238	189 0
3239	187 0
3240	190 0
3241	192 0
3242	193 0
3243	194 0
3244	197 0
3245	195 0
3246	195 0
3247	195 0
3248	194 0
3249	196 0
3250	198 0
3251	199 0
3252	200 0
3253	200 0
3254	198 0
3255	200 0
3256	202 0
3257	203 0
3258	205 0
3259	207 0
3260	206 0
3261	205 0
3262	206 0
3263	205 0
3264	14 0
3265	23 0
3266	26 0
3267	29 0
3268	29 0
3269	34 0
3270	32 0
3271	29 0
3272	21 0
3273	15 0
3274	21 0
3275	29 0
3276	33 0
3277	26 0
3278	24 0
3279	25 0
3280	23 0
3281	21 0
3282	19 0
3283	20 0
3284	19 0
3285	23 0
3286	25 0
3287	24 0
3288	28 0
3289	39 0
3290	44 0
3291	45 0
3292	33 0
3293	46 0
3294	104 0
3295	39 0
3296	27 0
3297	90 0
3298	128 0
3299	94 0
3300	176 0
3301	209 0
3302	192 0
3303	185 0
3304	189 0
3305	192 0
3306	194 0
3307	197 0
3308	198 0
3309	196 0
3310	196 0
3311	195 0
3312	196 0
3313	197 0
3314	198 0
3315	200 0
3316	200 0
3317	200 0
3318	201 0
3319	202 0
3320	204 0
3321	206 0
3322	207 0
3323	208 0
3324	207 0
3325	207 0
3326	207 0
3327	206 0
3328	10 0
3329	18 0
3330	21 0
3331	30 0
3332	29 0
3333	28 0
3334	25 0
3335	21 0
3336	16 0
3337	7 0
3338	11 0
3339	10 0
3340	12 0
3341	15 0
3342	10 0
3343	23 0
3344	25 0
3345	18 0
3346	23 0
3347	26 0
3348	28 0
3349	38 0
3350	45 0
3351	56 0
3352	62 0
3353	54 0
3354	57 0
3355	68 0
3356	78 0
3357	99 0
3358	110 0
3359	82 0
3360	71 0
3361	107 0
3362	124 0
3363	98 0
3364	174 0
3365	212 0
3366	196 0
3367	184 0
3368	188 0
3369	189 0
3370	192 0
3371	196 0
3372	197 0
3373	198 0
3374	198 0
3375	196 0
3376	199 0
3377	198 0
3378	200 0
3379	202 0
3380	201 0
3381	203 0
3382	204 0
3383	204 0
3384	205 0
3385	207 0
3386	207 0
3387	208 0
3388	209 0
3389	208 0
3390	209 0
3391	207 0
3392	8 0
3393	13 0
3394	19 0
3395	24 0
3396	28 0
3397	35 0
3398	43 0
3399	36 0
3400	38 0
3401	43 0
3402	55 0
3403	69 0
3404	81 0
3405	95 0
3406	99 0
3407	78 0
3408	64 0
3409	131 0
3410	126 0
3411	138 0
3412	156 0
3413	158 0
3414	157 0
3415	182 0
3416	196 0
3417	198 0
3418	204 0
3419	215 0
3420	197 0
3421	186 0
3422	159 0
3423	94 0
3424	92 0
3425	113 0
3426	108 0
3427	97 0
3428	157 0
3429	197 0
3430	199 0
3431	184 0
3432	185 0
3433	188 0
3434	191 0
3435	196 0
3436	197 0
3437	197 0
3438	197 0
3439	197 0
3440	199 0
3441	200 0
3442	203 0
3443	204 0
3444	200 0
3445	201 0
3446	205 0
3447	206 0
3448	206 0
3449	207 0
3450	207 0
3451	208 0
3452	210 0
3453	210 0
3454	210 0
3455	211 0
3456	81 0
3457	93 0
3458	105 0
3459	114 0
3460	122 0
3461	131 0
3462	138 0
3463	146 0
3464	148 0
3465	163 0
3466	177 0
3467	183 0
3468	181 0
3469	179 0
3470	190 0
3471	103 0
3472	66 0
3473	110 0
3474	83 0
3475	145 0
3476	136 0
3477	129 0
3478	133 0
3479	131 0
3480	137 0
3481	152 0
3482	143 0
3483	137 0
3484	113 0
3485	112 0
3486	118 0
3487	86 0
3488	100 0
3489	118 0
3490	115 0
3491	88 0
3492	128 0
3493	135 0
3494	196 0
3495	189 0
3496	185 0
3497	191 0
3498	193 0
3499	196 0
3500	197 0
3501	198 0
3502	198 0
3503	198 0
3504	199 0
3505	200 0
3506	201 0
3507	203 0
3508	204 0
3509	202 0
3510	205 0
3511	206 0
3512	206 0
3513	207 0
3514	208 0
3515	209 0
3516	211 0
3517	211 0
3518	212 0
3519	212 0
3520	168 0
3521	173 0
3522	177 0
3523	178 0
3524	180 0
3525	182 0
3526	181 0
3527	182 0
3528	180 0
3529	96 0
3530	72 0
3531	71 0
3532	51 0
3533	83 0
3534	133 0
3535	24 0
3536	32 0
3537	31 0
3538	24 0
3539	86 0
3540	100 0
3541	95 0
3542	91 0
3543	100 0
3544	98 0
3545	131 0
3546	154 0
3547	135 0
3548	120 0
3549	79 0
3550	54 0
3551	77 0
3552	92 0
3553	93 0
3554	94 0
3555	80 0
3556	174 0
3557	168 0
3558	182 0
3559	193 0
3560	184 0
3561	189 0
3562	188 0
3563	191 0
3564	194 0
3565	196 0
3566	197 0
3567	199 0
3568	198 0
3569	199 0
3570	201 0
3571	202 0
3572	203 0
3573	203 0
3574	200 0
3575	203 0
3576	206 0
3577	206 0
3578	209 0
3579	211 0
3580	211 0
3581	211 0
3582	213 0
3583	212 0
3584	143 0
3585	135 0
3586	125 0
3587	120 0
3588	112 0
3589	104 0
3590	98 0
3591	102 0
3592	85 0
3593	10 0
3594	12 0
3595	21 0
3596	24 0
3597	44 0
3598	60 0
3599	26 0
3600	50 0
3601	58 0
3602	45 0
3603	71 0
3604	86 0
3605	79 0
3606	58 0
3607	115 0
3608	138 0
3609	187 0
3610	206 0
3611	198 0
3612	206 0
3613	142 0
3614	67 0
3615	89 0
3616	104 0
3617	124 0
3618	116 0
3619	118 0
3620	136 0
3621	137 0
3622	159 0
3623	202 0
3624	201 0
3625	201 0
3626	198 0
3627	198 0
3628	199 0
3629	197 0
3630	194 0
3631	193 0
3632	192 0
3633	191 0
3634	192 0
3635	194 0
3636	194 0
3637	196 0
3638	196 0
3639	199 0
3640	203 0
3641	205 0
3642	207 0
3643	210 0
3644	211 0
3645	212 0
3646	213 0
3647	214 0
3648	72 0
3649	77 0
3650	85 0
3651	93 0
3652	101 0
3653	107 0
3654	108 0
3655	117 0
3656	112 0
3657	54 0
3658	74 0
3659	84 0
3660	65 0
3661	46 0
3662	47 0
3663	26 0
3664	49 0
3665	31 0
3666	25 0
3667	45 0
3668	59 0
3669	47 0
3670	53 0
3671	153 0
3672	163 0
3673	173 0
3674	189 0
3675	183 0
3676	189 0
3677	171 0
3678	113 0
3679	104 0
3680	84 0
3681	113 0
3682	94 0
3683	131 0
3684	163 0
3685	195 0
3686	165 0
3687	211 0
3688	207 0
3689	210 0
3690	210 0
3691	211 0
3692	215 0
3693	214 0
3694	212 0
3695	211 0
3696	208 0
3697	207 0
3698	206 0
3699	205 0
3700	202 0
3701	199 0
3702	199 0
3703	198 0
3704	196 0
3705	198 0
3706	199 0
3707	202 0
3708	204 0
3709	204 0
3710	206 0
3711	209 0
3712	112 0
3713	111 0
3714	103 0
3715	93 0
3716	86 0
3717	76 0
3718	53 0
3719	44 0
3720	30 0
3721	23 0
3722	41 0
3723	34 0
3724	31 0
3725	21 0
3726	42 0
3727	64 0
3728	50 0
3729	52 0
3730	86 0
3731	110 0
3732	85 0
3733	91 0
3734	124 0
3735	140 0
3736	128 0
3737	134 0
3738	183 0
3739	181 0
3740	187 0
3741	165 0
3742	137 0
3743	171 0
3744	135 0
3745	142 0
3746	101 0
3747	168 0
3748	195 0
3749	202 0
3750	159 0
3751	195 0
3752	203 0
3753	203 0
3754	204 0
3755	205 0
3756	207 0
3757	209 0
3758	210 0
3759	210 0
3760	213 0
3761	217 0
3762	218 0
3763	218 0
3764	219 0
3765	220 0
3766	220 0
3767	220 0
3768	218 0
3769	218 0
3770	218 0
3771	217 0
3772	215 0
3773	213 0
3774	211 0
3775	212 0
3776	64 0
3777	14 0
3778	26 0
3779	22 0
3780	37 0
3781	71 0
3782	37 0
3783	23 0
3784	69 0
3785	90 0
3786	47 0
3787	38 0
3788	80 0
3789	96 0
3790	110 0
3791	179 0
3792	103 0
3793	164 0
3794	114 0
3795	118 0
3796	79 0
3797	92 0
3798	116 0
3799	138 0
3800	143 0
3801	150 0
3802	189 0
3803	187 0
3804	194 0
3805	181 0
3806	150 0
3807	173 0
3808	152 0
3809	124 0
3810	100 0
3811	106 0
3812	137 0
3813	166 0
3814	147 0
3815	183 0
3816	204 0
3817	202 0
3818	204 0
3819	205 0
3820	205 0
3821	208 0
3822	210 0
3823	210 0
3824	211 0
3825	213 0
3826	215 0
3827	215 0
3828	218 0
3829	218 0
3830	219 0
3831	221 0
3832	222 0
3833	224 0
3834	225 0
3835	226 0
3836	227 0
3837	229 0
3838	230 0
3839	231 0
3840	99 0
3841	109 0
3842	55 0
3843	101 0
3844	118 0
3845	108 0
3846	50 0
3847	16 0
3848	70 0
3849	99 0
3850	38 0
3851	39 0
3852	40 0
3853	85 0
3854	79 0
3855	135 0
3856	120 0
3857	167 0
3858	131 0
3859	161 0
3860	177 0
3861	191 0
3862	194 0
3863	194 0
3864	194 0
3865	195 0
3866	193 0
3867	192 0
3868	191 0
3869	190 0
3870	185 0
3871	187 0
3872	190 0
3873	194 0
3874	186 0
3875	159 0
3876	187 0
3877	192 0
3878	194 0
3879	194 0
3880	198 0
3881	199 0
3882	199 0
3883	203 0
3884	208 0
3885	209 0
3886	210 0
3887	210 0
3888	209 0
3889	212 0
3890	214 0
3891	216 0
3892	217 0
3893	219 0
3894	220 0
3895	223 0
3896	224 0
3897	224 0
3898	224 0
3899	225 0
3900	226 0
3901	226 0
3902	227 0
3903	228 0
3904	77 0
3905	55 0
3906	22 0
3907	25 0
3908	66 0
3909	48 0
3910	40 0
3911	63 0
3912	55 0
3913	68 0
3914	88 0
3915	96 0
3916	86 0
3917	104 0
3918	75 0
3919	49 0
3920	67 0
3921	89 0
3922	102 0
3923	128 0
3924	176 0
3925	175 0
3926	178 0
3927	179 0
3928	180 0
3929	181 0
3930	183 0
3931	184 0
3932	184 0
3933	180 0
3934	181 0
3935	185 0
3936	185 0
3937	185 0
3938	189 0
3939	194 0
3940	192 0
3941	193 0
3942	193 0
3943	193 0
3944	196 0
3945	197 0
3946	197 0
3947	198 0
3948	201 0
3949	202 0
3950	203 0
3951	206 0
3952	208 0
3953	209 0
3954	210 0
3955	212 0
3956	213 0
3957	216 0
3958	218 0
3959	219 0
3960	221 0
3961	223 0
3962	224 0
3963	227 0
3964	227 0
3965	225 0
3966	226 0
3967	227 0
3968	87 0
3969	88 0
3970	112 0
3971	129 0
3972	136 0
3973	115 0
3974	151 0
3975	117 0
3976	71 0
3977	50 0
3978	62 0
3979	71 0
3980	84 0
3981	110 0
3982	151 0
3983	144 0
3984	173 0
3985	176 0
3986	178 0
3987	171 0
3988	177 0
3989	176 0
3990	176 0
3991	178 0
3992	178 0
3993	178 0
3994	179 0
3995	181 0
3996	183 0
3997	182 0
3998	181 0
3999	179 0
4000	180 0
4001	180 0
4002	180 0
4003	187 0
4004	189 0
4005	193 0
4006	194 0
4007	195 0
4008	196 0
4009	198 0
4010	199 0
4011	198 0
4012	198 0
4013	200 0
4014	201 0
4015	204 0
4016	206 0
4017	206 0
4018	209 0
4019	210 0
4020	209 0
4021	211 0
4022	213 0
4023	215 0
4024	219 0
4025	221 0
4026	222 0
4027	223 0
4028	222 0
4029	220 0
4030	217 0
4031	218 0
4032	160 0
4033	171 0
4034	167 0
4035	166 0
4036	162 0
4037	158 0
4038	160 0
4039	163 0
4040	136 0
4041	122 0
4042	160 0
4043	163 0
4044	168 0
4045	160 0
4046	173 0
4047	174 0
4048	171 0
4049	173 0
4050	174 0
4051	176 0
4052	175 0
4053	175 0
4054	173 0
4055	173 0
4056	177 0
4057	178 0
4058	175 0
4059	176 0
4060	176 0
4061	176 0
4062	175 0
4063	177 0
4064	178 0
4065	180 0
4066	184 0
4067	186 0
4068	187 0
4069	191 0
4070	192 0
4071	194 0
4072	198 0
4073	199 0
4074	200 0
4075	200 0
4076	204 0
4077	207 0
4078	207 0
4079	208 0
4080	210 0
4081	210 0
4082	210 0
4083	210 0
4084	211 0
4085	211 0
4086	215 0
4087	218 0
4088	219 0
4089	218 0
4090	218 0
4091	220 0
4092	221 0
4093	219 0
4094	217 0
4095	219 0
